3.62696264204781
2.87882737092455
2.39402005890501
2.13409502216450
1.01609005707821
0.0197896055639821
1.3543258369696
2.36099569080576
3.21788083308764
1.37962369046011
1.62711617643556
2.44585760548852
3.80439089523360
-0.765541310731972
4.49467973266351
2.87736453963085
0.710238784872382
2.11884226185016
3.40527464646923
4.34661686805863
1.60349890713577
3.5756854851906
3.10514828504764
1.82197881823252
3.87792608470535
1.87817983206037
1.77399788819849
1.93033568348839
2.67654334745851
2.68296813395410
1.43751150940970
3.54863375788110
-0.131058023384177
0.357428287210587
1.89675364516304
-0.238078177080502
5.08487434365715
2.88540239009556
2.11412923753157
1.21188806687574
2.07693615847243
2.7157194696104
2.83225418699443
0.463887520706654
2.05420996249658
2.91948691611269
1.85960669232859
3.99186051749178
2.80166582350294
1.05745986226540
1.12307935691034
0.736511739852867
-0.539279227055057
0.433286841526479
3.74801413036194
3.94209011477133
1.41733641580023
1.22916727295244
4.84259977912975
1.49212679484260
1.70062470872544
3.09949513436685
1.82908034421984
2.21164465532705
0.59677802027097
3.57948383952470
2.74693942584812
-0.956727627462854
2.69852918858564
2.80287612298625
0.666882201027763
2.95781861475272
3.98796292420572
2.91272847995041
1.10857680420274
2.26831307754119
1.01394540756019
3.40210992225862
1.54155337012375
1.51908281289303
0.49095716047377
-0.550425348323129
3.02333943249083
1.86413279235330
1.42270492370892
2.71251887068737
4.09433647455807
2.25151250734539
1.91455953130816
2.17548929291307
3.47208349194761
2.19678633981445
-0.96453798039846
3.32887660919338
3.27484923042199
1.40974272105831
4.08950999783799
0.419788763274791
3.24119328062713
1.32811115307722
2.86519598490189
4.51636389626199
3.38646713266913
2.57724274975819
3.45412584091949
3.37524444877087
2.37498923143263
-0.736972562929994
3.30786493504325
1.65377929976843
1.15625956450121
1.94954882926297
1.56836498603433
0.363186996773949
0.440382741198824
0.799060902832832
2.80221603886737
1.54300853683698
4.57775028464893
4.87432154681877
1.66979426410668
2.77192959195793
0.520841293725058
2.44606325464459
3.40615934547350
2.70064588650305
2.01269934982082
3.9918875725762
0.0394881484077139
0.820672539110714
0.118266493402393
2.43546746169434
4.40606840313653
0.0258092069235476
1.38695609083604
1.85972001501306
3.29557542699808
3.80523804188758
1.95973555112491
2.48433308561176
0.388067701965905
1.31904757564826
1.94150569508686
1.33705983749810
1.30993189580784
3.25460828608744
1.30433589454204
-0.602463931424763
4.33885513339228
1.41948257351782
3.36419413720177
3.73376508918539
2.42340414424548
1.65451666059046
3.50999286877601
4.31779284155961
2.78298261038776
1.81990597272235
0.0125322279213308
-1.29470089910934
2.24888136168848
4.61458297218584
2.10404093377457
1.36149763180559
2.24400539530780
1.27679528992066
0.32769521172262
0.120987296427924
2.60548379600220
1.30898812915226
3.09053444518973
2.02979838527876
3.70550429320474
0.727055220591984
-1.64316334678347
3.5232404899855
2.19201953096060
2.33195699066410
0.380330352508507
2.30813265178791
1.74283302005807
3.38905482370397
0.315970470594189
5.32941841461134
-0.575391643618816
1.51870097452214
2.31637382446868
2.95338659629774
3.33579795562408
3.1504898015395
0.354042204293272
2.91733282418617
1.08088132060951
1.28054584314127
4.22828534261348
2.48336490051206
1.31853576253706
4.49767794935096
0.813155587095134
2.13112431716198
3.85158484704828
1.18429267349874
2.95596082929421
0.79764116700536
2.47820974252899
2.03773847897326
1.64551937197690
1.18340863105972
0.412652287365636
1.81036840629429
1.42803732408136
2.84405861334342
2.21577211626341
2.85055510912457
-0.94596379699998
2.14943399237195
2.05736343136815
1.29414331922917
1.25537149400972
1.27934302208172
2.75672346429922
0.181582621803833
2.90120857517734
1.27645698421653
3.71787607483943
2.91395857645553
0.288585592876403
2.30965008795396
2.43260218947611
-1.31776290762797
3.42934392636559
4.31753975081358
2.88345752298657
3.09591485967243
-0.5316625766363
3.74871135540201
1.65159831105277
3.06885934499151
1.34775126711896
0.830958995499296
1.84085484111704
-0.754999160211157
2.75760537264254
7.11672834873321
2.18100039198343
-0.266096816516409
2.61987950935689
1.06093673857783
2.93247596402334
1.4437717133911
1.11162320617991
-0.256493935657350
-0.322313005576830
3.99691978346012
2.34485603792956
2.98007828488126
2.04337956144152
2.09812762702864
1.73342169180930
1.97642655339247
0.505552221216929
2.16649832303385
2.86765832219234
2.53464489547689
2.14467478280788
3.51999939884685
2.13989299624381
2.02690318877418
2.85196799335198
3.83082618904656
0.181254157755176
2.38764159414014
2.85881123049830
4.06432511500587
3.98657219034297
0.814915386901674
1.22732287016053
2.41589061786042
1.11680502996305
2.87724967947388
0.105020172985290
1.33865876744050
3.56928395485760
2.51762536942115
2.71248869353512
3.10575280954065
1.29732815561201
1.42156999057330
4.30813930056919
0.52557961407133
0.212919895642231
2.91466214008251
2.76033244985263
2.4231739903531
4.61279710549405
1.95004165131842
1.80798965447885
1.48763402722358
4.28377421910974
6.1827875857449
-0.695518569761628
1.67202135907856
2.88680425516233
3.60796065449008
2.98724216998009
2.37208592995111
1.94333386791953
2.37400449529503
5.75391291846511
1.19585716328190
2.6651229753056
1.15396487808394
0.671417675196409
1.90496839609252
2.51945069403737
-1.17081899920149
1.41464028062067
1.71895366458155
2.10568254108159
3.35157568477499
0.529276613711074
3.10504343611538
0.335701772488385
0.124374198274454
0.675602370408237
2.83693513276112
4.27496149471549
0.869154659483982
1.32247088041652
1.06870189059119
2.05990005216202
2.14091340101057
3.53208464673952
-0.339341128519342
1.84293794605808
1.92646309599893
4.456871613798
3.1403588421804
4.52125242755512
1.25427346283079
3.69286535076449
-0.13885863806356
0.68528780824905
4.30445088030091
1.7416425523151
1.10185489563176
0.456315688028157
3.1420330200377
3.103714242321
2.01200459868219
-1.51029496427888
2.38007935092606
0.0621761611123552
-1.16611096530407
2.85872290802426
4.05561600356563
1.63482826794006
-0.426079811141494
2.22500721404548
1.82909288065712
3.23250904395829
3.4223423179162
0.254638887086696
-0.815190880024919
1.91586198851721
2.43377089132258
3.85005502049529
1.79451211756171
1.21148546459976
0.500047449480516
0.329303356115808
2.61949365143102
0.0493059421017001
0.600899435230495
3.58638487140293
2.98438335563275
1.29687472972803
2.19796157403465
2.95491133538856
1.83037285743219
2.62864319793360
1.65371663478549
4.06942157885371
2.83897704837752
-1.04218466686851
1.48196958754534
4.52761525911624
0.712424843030471
2.88635868327907
0.840839267365916
1.54889563126555
2.06498968075141
2.00858101684155
3.03513067960836
2.34553823754680
2.58752279112149
3.27607948811341
5.43759872986682
1.02868655513361
1.58873286275497
2.86063207895257
0.644490312571862
1.93122359416502
3.81360529186798
2.81820606264310
2.94561121842439
3.03264116243498
3.44967249178755
2.33161462876541
2.35616571917708
2.28436804195160
2.26859094767759
-0.943515782641223
0.953436064104526
3.07164829135547
2.52821909015626
1.8495767842767
2.60617808941051
2.78417107314139
1.31510332544282
5.80371261804507
2.76607097116245
0.339413294292613
0.328631667113572
3.08725247924942
2.25354128751933
1.88119874891636
3.91637047262839
3.79306810703013
3.03735625416507
0.111219271770416
3.0858405211698
-0.866319591174487
1.99204287220612
0.453334962767775
-0.551393990306204
2.05041532891924
2.16338499118382
3.38195108196872
0.168968092108366
0.73960350804459
3.87804507064872
2.69010259944679
3.73340034734483
0.971780046723864
1.65502330509912
0.51629893249936
2.80278436186591
2.15494729497406
2.15976706466632
1.86178811360831
2.21496346439351
3.30500908500605
1.52254014774698
3.61355638327181
1.63239434290029
1.17301922020938
1.78891371627049
0.4520478635728
1.93842566930715
2.55394638032886
2.55194285162657
-0.0379506012812125
-1.24723017835871
2.53973610635074
2.73421139370770
2.43144491655134
-0.74615623912501
1.50669481360171
0.556705277721357
1.7423745743873
2.78587615227678
2.99203707478045
2.36411632550032
4.11515448357647
4.06284952275218
2.84169861345327
2.88745504889904
2.58084795488449
3.01967650210161
4.01011903477549
3.89065005591085
1.56323264311222
1.86616094847843
1.29604846278284
-1.54411984246699
-0.246277105580674
2.08769319164422
-0.361835658181389
-0.383130446758478
1.43936195742204
3.70691395838685
3.40666382429456
-1.37596400950645
2.31136294070721
3.17777579977255
1.67027471895638
2.27326101656311
-0.188322729684648
-0.266555140938479
0.89407215482089
1.40685693187683
3.3266054722113
3.66124793834538
2.19140154616600
0.241834851363232
2.17466898104107
3.41854688156299
1.07159626657736
0.418868666192253
3.23686518058555
1.09902278446083
1.34016702932673
0.229718989764811
2.16561177757387
3.92574702215465
4.66829363107932
0.948810013063073
1.61977591787387
3.01380350571789
2.35411344478772
1.51414885008816
4.46891250417581
0.709362524971543
2.15184821668419
1.74897622073153
2.29305086568330
1.24604705333169
2.23011042517288
2.64191223428698
3.4137544453057
0.755918806961484
2.12481032692822
0.103538493342537
0.251462923238599
2.44168375770063
3.27518590564556
3.7712265846643
1.98495437596205
0.954942354432894
0.492455508356526
3.94850520494907
1.13957640991270
3.67956436964607
2.05061326164223
1.74107290083532
-1.2509081215291
2.78824598890807
1.13339845568382
2.53720534886424
1.63786207768802
1.15279030171911
3.61943418443614
1.47414828073422
1.47004873407052
2.60394469314617
1.45055955097532
3.30060923520754
2.75942497484641
3.25034191837925
3.95373307980331
4.38092068477938
0.561148054980008
2.73397276052236
0.403552850217165
3.29823226684856
3.76597919552156
1.40591892611874
0.266174588772413
3.09191585616901
1.88674338158852
4.18607738825569
0.426661067851622
3.37411765065538
2.58321825784164
1.83128238466824
0.514792469519993
1.10869697531630
1.95278738295108
-0.0631129756654806
-1.70538335427456
3.42809504764028
-0.122461214789993
3.69946904816739
0.962032646739402
1.37841124981077
1.37808913070094
1.86336733487445
4.80527549033231
0.324202707071216
2.69558504157568
1.57706481464998
1.66809317536180
1.03900614022439
1.78449042341147
0.697586550147579
0.78853532793245
3.92466404531265
2.51799700416099
2.60263794361344
0.162110712891011
3.32112936721006
2.6651092515862
2.71785977816076
1.23334700322695
1.81835225406362
0.481753025406269
4.65910697213938
2.58152223305891
4.2326149986374
1.80122210463041
1.8927099408347
1.21465542535239
3.08884168417399
2.68423790519511
0.97015761747105
1.5897568334644
1.60140222256109
1.8840833734025
2.96588073848668
2.49387527992434
1.77277267659200
4.01664812610740
-0.92281348090792
-0.360943545915828
0.330046911792553
2.09797134347388
1.82132306865055
-0.5483710778217
2.50768689287199
3.68289256227435
0.861480950581116
2.42322046496415
1.41134171350127
-0.612227873537514
3.18189159189226
3.37741545973289
-1.14507712880052
2.96727202880689
0.852196676905837
0.542253206542839
0.00973346383303042
5.17012560348166
3.38149601187632
1.90917799065998
1.10816700462536
1.08766233397707
1.43564791540919
1.30667886737271
1.47481209003769
0.377810449537729
0.867318016442136
2.7779269322084
3.23528737020877
1.79085910432510
3.42488687381093
3.96736208538826
1.86110227051043
3.23452720703743
-1.41791427315256
0.55624077751843
1.20764064804508
1.26542572623512
0.739166213324644
0.150198093596020
2.01115389392783
3.39612662477508
0.0464281419981438
0.535195245663334
0.240865956555353
3.79361213456551
2.56521645505813
2.83189212835162
3.40357466461988
2.16853737296863
-0.0421152390899890
3.04781767954397
2.30683955084771
2.60945913652329
3.26369499679851
2.67180941007367
-0.0583535004053862
2.6994689973789
3.97948109973332
2.12342004916385
0.841234522974048
1.37932417898162
2.72935147742138
-0.216029803419873
1.01910283233330
0.420892818736205
1.22452851721693
1.71548167464451
3.43494269039201
0.80052832360867
1.61186849596445
-0.349920649729635
0.966115971953263
0.432550510011
2.59454181791806
-1.63114575350805
3.27336111759487
1.11583751006981
0.857819681377418
0.803532801341018
0.111214934754447
0.780189512063402
2.87452903392288
1.32931463798218
3.23921779261739
1.11389156555548
1.57787475469537
2.25061348204733
0.772002526494917
2.16410592608745
2.76676176555514
1.62272299769237
3.29412513577554
2.50815774683591
1.93809330620959
-1.67798266164988
1.84991714905007
3.43176875858561
0.987260193577404
2.96659637894785
-0.980497085422281
0.117299899525101
0.67274175842789
1.44358513208672
1.42542409781984
3.61525265152203
0.299956852881754
2.14866925632292
5.12887340262474
2.40205608539721
2.3985346855418
0.7627088094829
2.59284387464733
1.74890334119774
2.29557759022461
-0.0478386342244783
0.578944061652438
-0.164172920160143
2.78800720720817
2.48873682007818
1.42545703773585
1.30033196839406
1.75700878245793
0.924038374386043
2.99325794077441
2.81198660805281
0.972222745774812
1.77600429504219
1.46936504409750
1.83205388013661
2.40521701623915
1.42099861377247
3.30993059711629
2.81008900055882
3.56743318587067
3.33869318479962
-0.158513212166637
3.78934935194351
2.61910895810047
0.757562892444134
2.79766151430213
0.782800949192193
2.97249055187384
0.554429985228146
2.31313417501420
3.46381366259303
4.41896893872816
0.835596146923492
2.60656112912276
2.60109212392912
2.47371354954824
1.71222698176679
3.88485170466181
2.01857672179208
4.36889627262726
2.12683835045838
3.06689760077938
0.349266387857387
1.66230251209181
0.694666935122164
3.18269407294736
-0.390652813305584
2.82949424703118
0.162174904513618
2.63697530208647
0.484014162263523
0.246927429397883
-0.522241893089221
0.891145821721224
1.51381387456223
1.69715936526945
2.37692667825477
1.78470625603966
0.663715361411147
3.77504644844147
1.37162017642855
2.08245002015164
1.74659844505945
4.63732602631063
2.89331218450797
-0.938800268527212
-1.36972384920327
2.17679538302203
2.39211235662208
3.17071293395577
2.28504654079283
1.55785797699066
3.98626170782527
2.45355575712921
-0.108048732884186
1.62636455847852
3.60561226076195
3.07243303965725
1.56024864514024
0.891173185915705
3.25144668316071
1.33939889104473
3.10383298581235
1.15637306601988
1.87818604985894
3.27426214752901
-0.178735636122295
3.69772026447176
2.56676253183986
3.84720171731398
1.21932735634212
2.62892248582189
2.62976410813434
2.06438849176795
0.965308019516994
1.74598501676219
2.36200967258901
1.42284376350883
4.01632266481289
-0.0334468428424355
0.442682365100109
5.62548497943768
4.381417653131
1.33971476343499
2.66169325387715
0.755719979493174
0.77992510830491
2.91115541362451
1.99906004774602
2.66086424025433
-1.11184984128381
3.91089650687891
0.205250472154418
1.48221533868627
1.76320686394974
1.11935886676535
3.78645900304191
2.12087666040673
5.25291911024219
2.91358326322981
-0.72497676467517
2.34040346178201
-0.456863974460877
2.75615530153482
3.20288519332213
0.948459940811245
0.950226075541457
1.93622669307832
1.47229560255698
4.38826635758904
1.44112078892268
1.49334684046812
2.58791939165263
-0.216839718080412
3.61717081636835
-0.249688961184397
1.57368132239548
3.16088584183702
2.05660832861184
2.72142600191765
2.01067005249480
1.29188442959765
1.06293408471758
1.42456965357960
1.36772686969631
1.10660580325822
1.64104925539713
2.15404649737734
0.235738134295789
2.04861972472701
4.2109140018808
2.19233111165578
0.571577821341822
1.910502044587
2.63516986316213
1.47971744875182
2.67445737821451
2.33514602224581
3.46605751158990
0.552432539408306
1.15749710532102
4.38169203551002
1.84120550258831
2.03834876247549
-0.486487202505711
0.233004289627594
3.59881333111995
-0.693012165267303
0.721325985580893
0.648164179530812
0.357443940802915
0.0433745273214177
1.65787103379312
2.74168060307837
3.73220044811271
0.992738827369136
1.78561579074902
0.786562268439172
1.35523292595543
2.24493242047703
1.99328457439842
3.36210319250509
2.05269699037902
1.28180261742492
2.51131890525143
3.82991869750964
4.30996741055588
3.87809972040865
2.48904389654397
2.86707217153854
0.0249064428900317
0.928911661120803
2.27742328374241
2.14803155736233
1.38374333779122
2.61119046059589
-0.5049063063689
2.88718077437011
0.845804554159034
2.03198749242343
2.95712829320009
3.69400200039581
0.925502790031883
3.50508341473092
2.90779625538643
4.38977709219396
3.76996111848498
1.18807331626892
0.202328476298019
-0.312142342168042
0.139438172045608
4.00879265188416
1.52907823867875
2.71025758948231
1.29117676204721
2.57412693856516
2.57811132464294
3.43961045888695
-0.0406982521152934
2.45836031348243
1.37641425204234
0.368150412601133
1.00372958309666
3.73939675738276
3.90937556810305
4.44023998419281
1.8957481531344
2.08749084220902
3.35725358549417
0.77014795210559
0.70024553677492
3.58388917303067
0.232558839988629
2.23585551296035
1.96186714177081
1.44309904492539
1.16562285797277
-0.786745995844405
2.79438198103359
4.04395572661525
-1.04501349357763
2.91210307082975
1.53352606537034
2.11982012904156
-1.23574161992032
1.51237285727462
1.01508725087854
2.11297254755066
2.27124429031601
1.2571543746637
2.30642235866403
2.51215741709750
-0.546059672883535
4.07940876465573
3.35689020042714
3.56047198612488
0.610364754216236
0.727885271547187
2.20842009745433
1.53430932352333
