cov1 cov2 cov3
0.557398032924522 -0.987495999804857 1.81571736937535
0.376438615921353 -1.21695083401804 -0.574979094499799
1.23735623447302 -1.21158291071194 -0.394708009309365
1.00013999635473 -0.332631880379826 1.67017077799746
-0.521937941524473 -2.69288218518726 -0.80469099882081
-1.36429030217208 1.29062389356618 1.74113804349784
0.861348682949017 0.518218617763883 0.0423725952254882
0.58366563323698 0.366125973165853 -0.175047834042904
-0.562680036736462 -0.441001670837974 -0.380279164398264
-1.30704946665156 -2.52873961871830 -1.64489447480632
0.0636567838173532 -0.482075106117653 -0.917552151790552
-1.01546807480588 0.793848304459813 0.406632048867952
-0.523760940212138 0.344303526159111 0.452940734152347
0.0578402785086859 -1.21574929395260 -0.443738338030579
1.14908108918614 0.196742667324167 -0.854610046638824
-0.363688637607772 0.24841681573108 0.610751165604797
-0.595664372763545 0.99241801428989 0.629850084621825
-0.9660678006671 -1.71885803229728 1.61640312708727
1.33890433301991 1.41591746241526 0.0499465355043021
-0.809666620122138 -0.157549609201065 1.99481106197740
-0.252039466243144 -0.148026645117669 -0.328241365610854
-0.0389932452702136 1.20512029987343 1.39241944676562
0.530368508890987 -0.098173908927297 1.60624798879297
0.203923616417725 -1.24754716197725 1.18327169153785
1.03200073630747 -0.256612838679176 1.76478650717202
0.888416604893303 0.180827627357475 -0.688760904891096
0.441166454607658 -0.92397839080614 0.427015208555983
1.93949286728699 0.232740314271505 -0.606679907618308
0.181982816410582 -0.842699370293756 1.65724962173361
0.986914755247394 -0.456503365856651 -0.829794070361431
-0.881958709432039 0.221385171923128 2.11880358328651
0.093732560876269 0.214094285319025 1.95360499143910
-0.359333880849477 -1.0097071167083 1.22378392747164
-0.407796224098356 -0.833045933233853 -0.56273722934138
0.728870602755027 0.859756371678734 -0.555550472213539
-2.14119922650115 -1.31486625451441 -0.113789654817693
-0.0530981346044943 1.85741254400983 -0.826553412142052
0.544790651771849 -0.494953136254621 0.92420284517326
1.13935211293457 0.770751983513369 0.0213767264673746
-0.096112823360156 0.000363315818005634 0.802201194013973
-0.208300524647699 -2.21022000900811 1.7494907882929
-0.783728119529993 1.12122144214318 0.736609661375937
0.429733889179502 0.0919192481156387 0.015370167090258
-1.16082566245759 0.877347766999052 -0.116819987715249
-0.254297494270988 -1.98024885908272 -0.843606725065973
-1.10532901997413 -0.803061959025122 -0.919497299382554
1.11013278102155 1.99068467605309 -0.0922539387225463
0.189012873315281 0.508119432450121 -1.93593889719663
1.87847445350053 -0.0777023654746432 -0.724977626718438
0.95332058133518 0.981918490185194 -0.369252232900256
0.0235819170201429 -1.07020570842195 -1.02755806916623
-0.574353183494785 -0.669310061939116 1.98345612451943
-1.47914611818028 0.733373587761653 0.214692176496962
-1.08289712116794 0.440297580340018 -1.34583755390837
1.79160027981831 -0.0798395225068808 1.28203930894073
0.925433015230663 1.63527082562283 0.349050984625443
1.52067711592672 0.0024214712159215 0.789949815122507
-0.456195112957132 -0.359160910457474 -0.470841451505777
1.97154490150643 1.05530993298121 0.432121987005218
0.372818388282673 -0.0340600583372213 0.388484580049455
-0.770162891422796 1.18833645805712 -0.0193559222759173
1.28440525669573 -0.494156340877323 -1.09092735627947
0.876678970790946 -0.444158241360833 -0.272678548054073
-0.977592508234797 -0.497383105629967 0.419086407764552
-1.80384929572156 -1.48277115417247 0.910555841576873
0.0790217876416835 0.531368515730176 -0.863192397067789
-0.874700553672413 2.47100013525391 -0.721318034298741
-1.07463385200182 -0.0430396981604288 -1.70851485820946
0.195646854920503 0.636885900766803 -1.01580744129505
0.139503243097496 1.25422214811518 -0.453657124796043
-1.04704044947750 -0.70754543376648 -1.55784025927973
0.893325495736466 -0.569680468162009 -0.538901851030567
3.09664889138150 0.846383421796048 -0.273823843404987
-0.591261770748882 -0.57629581938419 0.707456056997983
0.511192610725226 -0.122047874669471 -0.317266013857664
0.227709995705879 -0.452101446322526 -0.0728492515471612
1.59288232058141 0.56947692719013 1.00630825082498
0.724570438287256 -0.884153381178961 -0.630526552634452
-0.103691953366350 -0.750131356014658 1.01276908225643
-0.692865752427639 -2.10197640837211 -1.05206848359855
0.419972537338313 -0.813067095612178 -0.086800870884199
-2.16662347258351 -1.2248055241369 -2.09649370449125
0.15731839283131 0.661849348067588 2.73953441465391
-0.322990846476841 -0.061903465003277 -1.01636929279087
0.413692998407617 1.55575202695681 0.0592751733215317
0.0220759854529429 0.257440834354479 1.68397339810136
1.27223555237638 0.338872376659478 -0.71460959281652
-0.754609763369623 0.394741038351636 1.44422499098111
0.0230112236847105 1.15201356524152 -0.189286978979043
-2.39317550279386 -0.479868851327228 1.20701913114933
2.54447273487029 0.108529573343251 -0.830763132005322
0.533413080774863 -2.45829229561285 1.1786293454173
-1.30133027870094 -1.54398464078362 0.660486251092557
2.24296534384524 1.40007377132971 -0.393654571514898
0.891056387369196 -0.760917309846054 0.805838277884288
-0.685072226207412 1.16443825948865 -0.901670180225989
0.861554736616844 1.63285183279456 0.0893387980095892
0.218751760850732 -1.18780629822228 0.475803281020169
0.136964323057401 -0.058662227217603 1.41657521996821
0.59765739471016 1.85527332766258 0.70074090998158
-1.24130915204629 0.0819873030691729 0.636173812800599
1.29120317879198 1.64612205172172 0.6150215930424
1.02976444970364 1.87820657222859 -0.372879848215151
2.00900470026157 -0.618696313558013 -0.206829226892488
1.16690358672480 -0.635177144441993 -0.517385563218133
1.55641447951639 -1.30727958862265 -0.289118364564737
0.490858066018536 0.659538355013408 0.617952603466649
-0.321586217823495 -1.86523515422001 1.12073573200445
0.185638416691201 0.110435872561534 0.0762038332453189
0.857725651271222 0.302576755166972 1.20881995975023
0.440278583548103 -0.536838806539181 -1.46961495712831
-0.254477431319697 1.91392643951525 -1.10521479799523
-0.662766657359339 0.00669359163902187 -1.90907045957776
0.0667876532338222 -1.43041696749723 -0.167861405138949
0.0321236147756465 1.52224154776640 -1.94758673816270
0.228643630386442 1.03118211720182 -1.77274963456876
1.39342980595354 0.258127829296803 -1.02650449961104
0.115794161177465 0.493398891838247 0.794782729611872
0.334339811446087 0.145598480114136 -0.900601425147697
0.624518289485729 0.217134796712601 -1.12312085880729
0.90309735617417 -1.97005513909 -0.777649798536165
1.02230180982443 1.00292674322940 0.807327348820972
0.477053352462284 0.646243492328144 0.449735812544433
-1.46879757136173 -0.0943555500006427 0.908554240836127
1.09678629769956 -0.757410272071365 -1.33081738927478
-0.456485841345031 2.23904760460604 0.423559350908268
-0.236045211494619 0.190879645552352 -1.66051486345225
-1.08851287633968 -0.186014234676991 0.840289458624651
1.20696614588670 -1.05945818631886 -0.333082488489136
-0.302055268562956 -0.64081734021081 1.24565685038178
-2.11202420758474 -0.290579814476765 -0.0412027643198576
0.65797948324367 0.450444781148656 -0.832909622236584
0.182393369801897 0.436473316397348 0.486655169735199
-1.23255741140073 1.54600164628019 1.59195841961332
0.267522234958352 0.386861395003406 -1.50566645212715
-2.46796346124147 0.679636061860853 -2.35428131556341
1.85469338610098 1.1029721044516 -1.66141019899302
0.736634922841573 -0.576636220447813 0.542062291957769
0.285500354512498 -1.54797994747758 0.239544576996009
0.760816966139468 -0.97084532355280 0.0736388515198772
-1.91310825973696 -0.125092960664774 2.23385749972578
-0.324992809947374 0.986677229519695 -1.51554263002201
-0.519671216444588 1.92688382005177 0.683025457102077
0.570301196177143 0.323400069173679 0.271861538357965
-0.945010550264323 -0.883651465139962 0.00721679666071583
0.180911601918206 1.58419002437844 0.0852368510211906
0.849770195430638 -0.121768620355492 -2.48490468701523
-1.71903771687764 0.170871747115352 0.376667332248722
0.193244082501944 0.983535991367868 0.450887280039123
0.962524680644836 -0.495196882683768 -1.18471876657578
-0.261515160975683 0.159789756514638 -1.03656782312358
1.19301573983468 0.0597612886195897 2.24661978766506
0.855894739722974 -1.06696855468182 0.574256157819336
-0.0206770833436543 1.22272445584423 0.678977845165387
-0.0316519347409749 -0.393983898829827 -0.453490194104369
0.228097851198100 -0.0286870718991949 0.530011224085955
1.39741319812592 -2.69785622216461 -0.582105833798163
-0.386368368969802 -1.08920695078825 0.408771637763321
-1.90080979139333 0.56727764767518 -0.116941965666503
-2.39953578179381 -0.616228370430594 -1.05028783138063
0.666228105131247 1.28154168783253 0.936253105749254
0.627755589148232 0.840014431469696 0.326582170255115
-0.333402249232333 -0.271273948025067 0.951077436172124
0.868798368056934 0.934996645466796 -2.46289042497580
0.404701923819043 0.126581048701397 0.364667512329159
-0.62551452123792 0.595991770258571 -0.232348967387463
0.625811088641106 0.201895536542934 0.347165712232172
0.631943813706586 1.28389408048710 -1.10500173376410
0.00435232639125060 -1.16593202786139 -0.821676693561203
-0.247878884339408 0.181284557175741 0.316871665285733
-0.325551212950711 0.90761574697714 0.945157234072934
-0.784268278697718 -1.66162110458847 -1.58779639539710
0.75657927961207 2.21091490972471 -0.476203094991501
1.63231009666368 0.552927123423524 0.821659968340045
-1.90900886531191 0.955641682566604 0.783916043547346
0.573131407785863 1.51568332627150 -0.578787725606055
-0.181496861253399 0.605459541423128 1.15340630445955
-1.17913402463162 -0.112557804581526 0.784629233515779
-2.05112834171192 -0.313276535729663 0.200319360557054
1.67999494585706 -0.0502540381253153 -0.866938449217637
-0.926819317563682 -2.52248604908100 -0.513026973935739
0.747665853272708 -0.274183624450295 1.00637690527153
-1.77119902304476 -2.06252509137192 -1.64899542905637
1.38019169756412 0.798543203355675 -0.234940843782668
0.287718804700265 1.33735169124221 1.92423544980771
-0.874572902075531 -0.529530459952109 -0.258188624340141
0.606302880728944 0.0441242255823477 -0.224336291493116
-0.629812103861586 -0.358443026376258 1.43255447742341
0.932194290091758 -1.20227201534246 0.316460948050679
-0.131599739352344 -0.917483711660255 -1.36378607968364
0.202318811390092 0.337442573716055 -0.28935278651341
-0.857347718265454 0.0168021533749773 1.34600152133719
-0.238833868081981 -1.24212028581164 1.38435424537810
0.0131219148152955 -2.0177912358262 0.667978134998881
2.18670531698701 -0.694184366149173 1.02170208287737
0.0262395102627364 1.33910272551174 -0.369675384063994
-0.638339523008847 -0.219652289762155 0.683482249555516
-0.672368670297749 1.05842669800829 0.256998774513635
0.138144256546236 -1.6375373757518 -2.43963299000073
-0.345407095416082 -0.0618762910159633 -0.875905452128539
0.261779017283281 -0.43376756279628 0.94612994668675
-1.79139131468957 0.587028608747346 1.06870538563862
0.262832315168847 -0.0935513213766929 -1.32120738743092
-0.102048671164504 -0.0990522152867734 0.223397525798809
-0.194069878954033 -0.153576735985779 1.20431619978779
0.580641024774647 -1.05192971883008 0.396036355232656
-0.46416389538024 0.279211368720936 0.306503255310103
-0.842805944466928 -0.828381777542122 -0.843381423011973
-0.694288021525768 0.126416105760433 -0.254087781760532
-0.913423471925662 0.785245483881273 -0.740195456070567
-0.945414789736579 0.0818795334419448 1.10919680972052
1.55246653072655 -0.439172180563363 0.236300213767402
0.00421635095726426 -0.974954938553136 0.347848976510433
0.77278319601471 1.30727627689138 -0.401855269378371
-0.271763318139361 -0.565046618400229 -0.508157250300366
-0.535409439226462 0.722994733901761 0.689682406973632
-1.19567699493732 0.894755054919994 -0.935899901890185
-0.204237716803186 -0.570729193212556 1.13940791087095
-0.251967379271608 -0.0509752399079965 0.516840210292051
-0.193885951508644 -1.54351903376103 1.52195138823285
1.90236751340470 -0.460740707599802 0.125028543860067
-1.01332214060340 1.51208206451107 1.83136776585930
0.259014017710323 -0.166889393470654 0.751073344434259
-0.0217894311355858 1.00573281260032 -0.0345241744998655
1.66184376943998 0.987378113626157 0.133838023147677
-0.506836391754286 0.539410628483168 0.127419561153524
-0.728821886042546 0.389914159851469 -0.444347309922637
-0.241019738754051 1.61132282458653 0.963320632326515
1.06957850234758 -0.594207065373866 -0.792923273870264
0.0288123971576053 -1.30035970851184 -0.647185526095845
-0.518122762075264 -0.870642285455555 -0.00571077857878628
0.379071133712492 -0.185466907729197 -0.360729817376448
2.01527643076596 0.525757106717546 1.27213864004934
-0.170245726968838 0.830126366921966 2.19597379738916
-0.417414134454363 0.323795665002531 0.065108545871063
0.365042720089687 1.31317018646058 -0.299680549758724
-1.41887105753525 -0.521214455163081 -0.153098789348646
0.598075834295946 -1.24844781309400 0.555234303408456
-1.34156031567637 -0.399812770262956 -0.648760761567381
-0.372702258019307 0.773286126266158 -2.15704177949201
-1.02188987941752 -0.257036927324039 0.415260465935672
-2.21630660023879 0.590385313292952 -0.123354600224329
0.0563908922809934 -0.367959661192725 1.47928027502916
4.16407251062258 -0.80838078986077 -0.67458515249798
0.219898829345243 -0.290873552023444 -0.62981270311912
-0.937777116427562 -0.270639047845259 0.389965238874228
-0.50868647601315 1.13247876248908 -0.957759506533632
-1.35042668162697 -2.21189492085577 0.321432307810967
-0.714826728921472 0.881113864970198 1.84912611399169
-1.12736381171928 -0.103964382189100 -1.05235147958328
-1.14373804099605 0.436633388610511 0.368956202218266
-1.61805389177698 0.843573250069021 0.632598449388652
0.122163679470107 0.101868138291228 0.0198947853291777
1.60292730545288 2.15106920004880 -1.48631615041751
1.85061388872703 -1.76619294651799 1.95475706448625
-1.27457767449735 0.226786254883641 0.577827088012913
-0.322990388289297 1.93441956002286 -1.01623215183671
-0.247961725371326 1.99974115495637 -0.423672898242105
0.853209109648774 -0.400938754727455 0.410735110501471
-0.840738126907384 0.122545163268974 1.38394096040303
-2.13194883384864 0.279641818639625 0.968594885624979
-0.812472449487738 0.370669278345518 -2.79774161217665
-0.668388791382113 -0.42885882754976 -0.236522985163939
1.13066357971549 -0.262480929873003 0.392407516988332
-0.456744024350429 0.685993076631394 0.653427904208337
-0.0587164341457767 -0.336507371708972 0.094274825586986
-1.04890293661858 0.878741520939576 -0.958966503621657
-0.551392132072772 0.0471064978196356 0.315888794129109
-0.438497559933297 2.02429940327473 -1.03841800123388
0.541342795930082 -2.44930352897225 1.26251591744678
-0.411840872944619 2.4550346982955 0.918189621441681
1.08416758179613 -1.43686516380278 -0.499598848168777
0.910237937969544 1.10290493580958 0.593905558426685
1.33860807920841 0.794478630766418 -0.51956244658751
0.455198218347997 0.262149842116732 -0.108331522407196
-1.19013128420167 0.700610912930385 -0.734902858262309
-1.89218276660106 1.94606737216714 -2.34124139781522
1.99610078550639 -2.71283711665111 -0.0556865536259205
0.294939438474429 -0.64714608583191 0.292600142933028
0.137103735865659 -0.910346103613997 -0.225374562157327
-1.23502597404847 0.3463118614598 -0.448613432673748
0.0730434293685234 0.580065546363549 0.824375537929339
-0.673351758365946 0.0766881401995007 1.01223008824782
-0.769907907719423 0.281061690442731 0.0540005469438898
1.00900611345603 0.529797744561307 0.25203142536484
0.062155087517565 -0.383190031732421 -0.442963626798941
-0.066419072388095 -0.0431718279261115 0.116263449194304
0.582756728423812 -0.087915330112384 -0.389894819146932
0.140923726820865 0.845807095297 -1.48487831500858
1.19233423820421 -0.825780367907532 -1.37109641621116
-0.246680782725548 -1.99250855403358 -0.137570465947693
0.241200755487794 0.446074786573215 0.487238582181489
-0.197057328973422 -0.523967053272095 0.893093391462247
-1.10327243801836 -1.09442880776165 -0.764614216994027
2.93613143247273 0.349225888545257 -0.05721092955639
-0.619556241155249 -0.546647823487284 0.87085180053589
-0.358031641305962 -0.236923944567952 0.266755389892088
-0.397632514338741 0.851177467303647 0.202457248314828
-0.688905090436708 1.24925191067514 -0.0493806539211025
0.848646340721805 0.226048539433976 -0.72084455040014
-1.97245633365784 0.510406394265206 0.93457497124888
-1.58602304093529 -0.821339314903231 0.713002605635994
-0.913714421735922 -1.24785724409874 -0.0639016708132371
0.280410136302449 0.526400088029254 -0.169238121665615
0.227198572365969 -0.775853586773423 0.335802940802957
-1.40364827379501 1.19256588871858 -0.368695028750513
0.206490207348942 -0.394772452054972 -1.40918225087367
1.28907704943940 -1.21142138210065 0.513141874094842
1.20550940257559 0.545948263843737 1.06331506783330
-1.28395070095684 -0.881893592591914 -1.59893705404925
-0.509440227925133 -0.226133119271381 -2.32565811534607
1.43849767520402 -3.38980195184157 -0.310241858582451
0.661041809918686 0.641574409306665 -1.16547699787725
-0.381036010707982 1.59416420767554 -0.242137846908122
-1.73193610870694 0.0493565056885529 0.938302710034703
-2.23469512434313 0.569383087339244 0.0961229292686656
-1.11199737010336 -0.679376059601026 -0.221486775479033
0.0636183527585202 -1.4853913458678 -0.335573384481297
-0.627001213048172 -1.34842545966766 -0.308891302758973
-0.791389495908115 1.60605580255691 -1.11271980569916
-0.545989937063607 0.326145441787766 0.875516961406895
0.615074222451569 -0.180576748398124 0.61394238961925
0.677492399026518 -0.203831237361047 0.583975317277653
-1.36970711557540 2.26429627041223 0.914757710420018
-0.107934319440877 -3.20305490458955 1.06719766478645
0.701537713552105 0.0739178162955505 -1.59669583883989
1.58287964762966 -0.813859970338764 1.49543111401109
-0.892475361381248 -1.15187512022666 -0.0684698680864692
-2.65553842446689 0.097253409503 1.70250400291723
0.811609355638548 0.320585845608959 -0.169281871490638
-0.126657769159129 -0.390261974422723 0.819504644255925
0.00368872283088193 -0.0576156788296457 1.21879679227741
0.0694005244846223 -0.461337884780929 -1.07632390060582
0.204177780868166 0.634990085335324 1.25849187208476
-0.905639460617317 0.442806119617229 0.735368521383959
0.130409562921289 -0.0567558254797307 1.08398466637492
1.44676953216045 -0.72018525941491 0.70118248345942
-1.51945064899691 2.40251441551770 1.99350641637275
0.738816824451834 -1.03340659290824 0.238282874558971
0.666460611882764 -0.454239126241929 0.0672547921939114
-0.144440125861104 0.983300766998928 -0.755466450822607
-0.306402993566774 2.17404625775084 -0.0379714084259247
-0.631166350458744 -0.483369302214213 -2.08061942152191
1.74686692206651 0.869218186459001 -2.30308276498897
-0.632843926612546 1.10095837182562 -1.24413235629858
0.566466861427807 0.362275275526401 -0.203688529256518
-1.00664165686624 -1.02895522012484 0.280707645392532
0.435863950145093 0.999968134960797 2.26273332800018
-0.60990540696193 0.825328917991142 -2.25780022693675
1.22626129683047 -0.936192430600841 -1.48972272695117
-0.434132246863957 -0.769764165261668 0.0225539150700258
-0.673759005411111 -0.094624674864626 1.79814345203573
0.370693062437577 1.14253441096242 -0.228065848999812
-1.05781691252100 -1.30547934482393 -0.848152915397568
1.19299424235525 0.774161359780285 -0.83367813871656
0.972796651443876 -0.471776610524317 -0.72166579599551
-0.622875906219817 2.74560044806894 -0.456607295855799
-0.526124595482698 0.285477091169075 2.37576134019951
-0.616086084334873 -0.103267134574405 -0.313692346531959
0.830782443176797 -1.70555121300496 0.898184504645837
0.272358334080193 0.218847673522032 0.52482032396273
-0.717656091917382 0.00297746711717241 -1.02783306203442
-0.431178573698242 0.959335054574018 0.571468259260049
-0.0962591087260393 -0.710937488241731 -0.188201719116909
0.601877988901437 0.396107794038616 -1.09054532821113
-0.263516208814121 -2.02780025162061 -0.098299627606349
0.988891630613588 1.63321565296726 1.30897267193940
-1.97676189078912 -0.0859346299079263 0.991693183640683
-0.516544262116028 -0.658347098189431 -0.197913406859049
-0.861285778332407 1.35964853213905 0.767360173921815
-0.357278904839575 0.216825319101075 -0.137216901600974
-0.0307862025679324 1.57113025476784 1.12513867521662
-0.184670172419148 -0.301797318064716 0.750271335708738
-0.440788081339597 -2.13238696860769 0.211513326908494
0.346671825759052 -2.53400055591001 -0.674395268610692
-0.479095665398793 -0.634663885460668 -0.392913364936322
-0.090271705192749 0.91034408498107 0.605666545654831
0.438339107987274 -1.54365167840673 0.400155101959184
1.26845167942612 1.45513354870190 -0.378055362172507
0.520608271838051 -3.06704176565499 0.306067801867749
-0.643100615573866 0.510463222770046 -0.130644378318989
-0.9608014902701 0.532361122094997 -0.416515472406954
0.451233429555069 0.201389962971329 -0.0613765483422949
0.643448158763947 -0.919860665331148 -1.52321244800795
-0.19676350752745 1.59155997853016 -2.12378414750722
0.310872579975325 -0.339333527691025 1.47185476535646
1.89787049631924 -1.36922690711421 -1.78403060826068
-1.14918702646425 0.303933613983528 1.03584851247745
-2.28908597826515 1.76776172411976 -0.77615111691478
-1.48430082594675 1.20884042897460 -0.327937190827791
0.205160630004274 -0.336339406461227 1.52916942708943
1.15994611013408 0.0205758851387104 -0.306800318050837
-0.00492395265246931 -0.705365530549846 -0.860989893908865
-1.20082726185559 0.454268203908116 1.19091878904961
0.743288928371653 -0.0647629081063318 -1.13910500988957
1.38305072198003 0.816446489553416 -2.27115614035497
0.513875848353799 1.15071596485117 0.375839565992735
0.122581432287040 0.825990994001168 1.86931275942727
-0.392738350881081 0.221119078618974 -0.28789671191803
-0.205916416359188 -0.13375385482644 -0.577117497259184
-1.78059452669709 0.901692861509301 -0.651242379751165
1.24699427152562 0.358381022612681 -2.43215400884003
-1.28392057997540 -0.746240289000378 0.787503495437681
2.05391196343210 1.03198639599712 -1.65268280361576
-0.537274938867825 0.804885923343232 0.489724406123733
-1.40448533747722 0.563226890733959 0.94419303252547
-0.0948578907180624 -0.138835101468539 -1.49604753571040
-0.788512402223271 1.03084528830229 1.60082070908962
-0.898898538103266 1.49783328329589 1.28312220345229
-0.78079603075274 1.08096691844902 0.734212974865828
-1.62869804475185 0.154641203743080 -0.584454284019083
0.707883184630825 2.56740606540543 0.324592527123264
1.12692886660163 0.134429331834190 -0.719151975778417
-0.107663478340309 0.364303335283693 -1.76431060747670
1.17586209195605 -1.69932930197225 -0.430483570053293
0.85985311639419 -0.923283013708993 0.84380804339687
0.347993640079021 0.818594713619387 1.23667089644852
0.977602900885112 -1.17123143249605 0.381488644374566
1.04485299796271 0.679764113200817 -1.66457673431024
-1.26672230297474 -0.398473773161063 1.6800528048515
1.75426155033009 0.262105953516972 -0.661262096509267
0.387367966980874 -2.12751310872761 1.31590349418047
-1.07278431828121 1.93595197977288 0.0273872789721508
-1.12742552966072 -0.351859275920122 0.0377972523212617
0.553966338400462 -0.498913482427243 -0.412254047242498
-0.276423777473312 0.0906825997792919 -0.356116676675887
0.147509130396604 -1.05251163198514 1.87140257644241
0.414782335802216 0.592133897506123 1.65894953545266
-0.0449268210353931 -0.633119353862889 -0.233246874253793
-1.53236074987810 0.462731657331758 -0.220439188842367
-0.734647139914798 0.256326952360764 0.868808851566522
-0.493700779932445 0.535489449215009 2.24284402442418
-2.07529309281194 0.0444256852933373 1.87458754141388
0.358683993470534 0.845644001909308 0.670440180663219
-1.36392965176868 0.261827205053426 -0.628230345790675
-0.855558768913919 -1.81074793099818 -0.0442723715161648
0.406773986923466 1.20163634304476 0.127183647485843
0.184459372057697 0.361926948230992 -2.75759484302339
1.02717015008967 0.183135739912329 1.09634953959796
1.31575035579231 -0.100663727172908 1.16369558988424
-0.87202823006491 -0.219431296925180 1.19472297898324
0.405967248259783 -0.67195411058334 -1.28160419050026
1.08544182718851 0.812889072162156 -0.930018484510604
0.775811454215338 0.317004061744252 0.542569256369355
-0.208990755063527 1.05600239241738 1.00137218506521
2.19643478213623 0.232857067674882 -0.815643517383787
1.05582941554059 -0.413197499994458 0.282992623288363
1.52765221206480 -0.726908062935349 0.638277909560549
0.926111538857528 -1.17194533728922 0.514734042999874
2.1181303590168 0.0529656103019304 -0.503393438889371
-0.813719382196628 -0.038064678568198 0.540900612437478
0.108460668050713 -0.674701723433482 1.0871833763071
0.301479346266761 0.538427526055325 1.71024532252981
-0.363021398878611 1.36353186885913 0.332802769916480
2.07208086385381 -0.660112071646529 -0.8503335993565
-1.26340080896711 0.773503072348396 -0.194132542362170
-0.377653829215794 -0.236654624635337 -0.998375714362718
0.81599458376081 -0.0710089545293072 -1.32938798240906
1.24832741235767 0.328329823216079 0.319832948139267
0.822354796538122 0.501292287162399 0.678119902824524
-1.21713408670116 2.55142615496057 -0.157438582354946
0.981401337179006 0.732812566107788 -0.579829534290777
-0.100383813534032 -0.922066821426917 -0.501540834709859
-0.687079068114237 -0.322683652541312 0.111992138746298
-0.346033505577849 -0.197656127135853 2.26809559589831
-0.274435558705646 0.208370270032976 -0.487262095781331
0.0972506142479552 1.39421380535669 -0.49303248204463
-1.80361348810573 -1.17579333029079 0.382650890677977
-1.61787427377647 0.306687793188116 -0.824219805239644
0.240923247539500 -0.403309057066929 0.455541662988455
-1.02756364904032 -1.16872101064764 0.550184391477772
-0.63163461146486 2.19826248775148 0.136826261707652
-0.586217896789806 0.760942481304012 0.655285815595604
0.463523716856206 -1.94090096813106 -1.23411085526708
0.0358861751836004 -1.92141170879417 1.75207634715105
0.997790787552654 0.151732012264333 -0.380844523906744
0.39686791714722 1.83886137060578 0.392789505990161
1.02528010885914 -0.983526151133696 -1.0046755977786
0.238570862645242 1.38495374240928 0.904354072404947
-0.451846994277664 2.0870320972047 0.235653778894047
-0.800110828151318 0.49969732747782 -0.777459379024419
-1.62167559640297 -0.589208449089883 -0.0641222542941307
0.249272825573692 -0.732615142506804 0.309622018011777
0.0904235921985794 -0.127559807058851 1.12165781935627
0.296615331187890 -0.0219402970427870 -0.0901096271264674
-2.2242522101118 0.150245947225021 0.476558836739753
0.374656419113091 0.996143192238262 0.233296586620853
0.708939931861536 0.417524137283141 1.28950615489570
0.702432349479152 -0.126137511021790 -1.10819365450719
-0.710658552835363 -0.161173951746404 -0.711887286364036
1.03228094239835 1.52676958223448 -2.13960278590651
1.01618897754117 -0.895582428169673 1.25886666749571
0.616671317705386 -1.03862157092646 0.829603383968258
-0.0505528702465807 1.68489497214665 -1.23297695942901
1.05044834085662 0.0325044585153776 -0.266141753254628
-0.398272791196805 -0.287187073181638 -0.308319463534854
1.85141025472658 -1.46005040002670 0.730901377151031
-1.53096745474745 -0.352665894196756 0.171256054291185
-0.490195043379517 -0.405921600084506 -1.96649662744007
0.143379880632112 1.62575006115619 -1.70363628913349
-0.140961190402279 -0.320682640601175 -1.13632855686364
-1.43898111459279 -0.408317351528097 0.899257155192091
0.341098939416401 0.0246298581057199 -0.623824330505711
1.39526279529712 -0.715316363092584 0.453579737583609
-0.242929990331694 -1.71987350233882 0.0376499312950551
0.510857123296214 -0.248238336037452 1.39418649428487
0.677469812354232 0.256951823589208 1.38394836818100
1.35945167727267 1.83622075084202 -0.623828770150613
0.0543409997118318 -0.796983788312251 0.085143060470658
-0.874180328173527 -1.69729273913387 0.8867243500987
-0.99747365428426 -0.416508309700198 0.73183435213118
-0.613022100077223 -1.27872950560124 -0.69947713308916
1.79261891644595 -2.3638415342516 -0.229040542846419
0.198006534192533 0.754466917315196 -1.53466644657919
0.909502607112619 -0.260342975789977 0.49912148540612
0.542483194161684 3.8343732520435 -2.24087719623974
2.45668451083054 -0.332663008350395 0.51748469212657
-0.828869971314806 -1.67633700747958 1.42755200060434
-0.424165757288325 -0.190409082482710 0.0559514634503888
0.76297705109586 0.753673402030766 -0.676673322115804
-0.826803102244352 -2.50790016104155 -0.876413697437828
-0.754223912344697 -0.0654841818472393 -0.229526520182272
-1.66873565220277 1.30095788564557 0.841215176537373
1.08279242600622 -1.44275250194823 -0.17122105800155
0.447737250771929 0.703016251238952 -0.0611441833259227
-0.684624804544957 -0.719007763837178 0.149611145727224
-0.118496199920543 -0.350498194111388 1.05779935017677
-0.382885568003707 0.463221288553002 -1.81665458486634
1.09838425873646 -0.283018587337717 -0.888017632163464
-0.32105574963166 -0.334025718960387 -0.325401125894593
2.49125112777873 0.0615922600013178 0.764375136567606
0.36455523597671 0.88195285021576 0.243817331109893
-0.198325483361183 0.204764903279657 0.69509899723762
0.0835206031226156 0.236594079258744 0.509912278477722
0.28192703355743 0.331601693111252 -0.811094526112368
-0.770245618053803 -0.279570182658549 0.566845243112701
0.722664753287848 -0.706522253921219 1.79384358063357
-0.358103684847324 1.64900985113076 -0.615492405586088
-0.599760128120581 0.072921029434541 0.412325473585495
-1.47060603717155 -0.871968449244582 -0.873528237112875
-1.31257817312996 -0.529476239095275 1.37630130650056
0.185896343208492 0.460914984562943 1.49509648760018
-0.387406246300354 -0.281677926463406 0.151535111268236
1.28028895455671 0.267550363861091 -1.37650188500156
2.18117223876591 1.38171142303457 0.852249140235151
-2.98206831464479 0.423734890242982 0.032570166088305
-1.10497494382472 0.340024505625181 -0.814371008698084
-0.0482478731082138 1.04187448842205 -1.57634089501830
0.439405628952077 0.178158362324823 -0.689734025147475
0.594802756711502 1.31199547981431 0.316592756358273
-0.232713043471027 0.880156283264927 2.03983638213698
-1.16614351776438 -0.690851029065357 1.19661999481213
0.174691236327528 1.27579956664173 0.2225425393591
-0.718631018894797 1.63951320735362 -0.497242677552432
1.25485141809406 -0.116630426521247 -1.59230458793041
0.978325645765456 -1.38909650528669 -0.216364999681631
0.906876522731794 -0.57495139999963 0.0380967932075298
-0.870818367665368 2.21389625977231 0.0578450508435568
-1.18054633235649 -0.507021877882845 1.05817489103099
-0.491019581412691 0.241850392778863 1.29635217128345
0.778372894551056 -0.410001329050506 0.967044454105717
0.882613268703314 0.863014491066947 0.289746994805167
-2.45022614533652 0.531848343695933 0.258533482515972
0.927253443588666 -0.416400881786077 -0.239367096006356
-0.691517029549648 0.975858803517204 -1.0018310544093
1.53365409779885 0.633707128662961 -0.552675634652314
1.95791513742678 0.0943317937961281 -0.787647204833992
-0.442439056773374 0.667119229352973 0.125678544951500
-0.782364004971939 0.538100453354211 0.591475358681823
0.127575001589914 0.123593819607321 0.148383357760869
-0.0540026207622148 -0.114772226044275 0.275357213606944
0.083096937053255 0.775162437266567 0.438910088241109
-0.830511394691581 -1.74979290669318 -0.735419193445091
-1.66204971688371 0.952299582123077 1.07382371122415
0.680201754004104 -0.147351073260079 -1.27352897593654
1.24020691037639 0.250673271200784 -0.698700120096588
-1.91021954242936 -0.13761680982604 0.564016286050426
-0.145926273775346 0.604379294391611 1.81813785504771
1.34966560360263 -1.44677303744058 -1.11957405396560
-1.61040090941229 0.78380170807118 0.874273089388446
-0.288707350234174 -0.55577045712912 0.369651130406477
0.600688160837015 -1.32888945263247 -0.208099322519907
-1.24578268538644 0.327306456330171 -0.503448149137492
0.33770407639524 0.303996987387553 -0.281977518248268
1.06477235304292 0.431999596133835 -0.0301557734568077
0.829716228916127 0.882974775250693 -0.158605012116925
0.885725512314696 0.501315953457198 -1.23708378202407
0.568961288197926 -0.311125711700575 -1.24809415802991
1.26927514064395 2.38239592963287 -0.519576574325217
-0.705132998947561 -0.65535861658496 0.850655968336194
1.45663497285675 0.780122937024099 0.953191317845958
0.28720685939512 -0.162014975741528 -0.410331587587983
-1.46594233687395 0.443574503664438 0.294296401071207
-0.613889337414741 0.631566316398758 -0.466266935659353
-0.991425820673926 0.125817154668486 -1.00640254742546
0.497580602172 0.724419550817179 -0.0415927833669527
-0.495634876338991 0.341505939374600 0.790918688065476
0.171690018696364 -0.205815959803545 0.390451319794195
1.15244825898717 -2.23277689613541 -0.844874064630238
0.106930552818500 -0.00540548907487346 1.16390575082818
-1.71329464119864 -1.29033064609072 -0.995668051946518
0.581554462180549 0.126798747141146 1.19539611763149
-0.77329431912813 0.200593875616850 -0.649155680396608
1.17396983030139 0.0281008063472942 2.58589877827061
0.624088326066835 -1.22088782400817 0.66595841880326
0.645815135133423 0.0175698653606603 -1.15689995498129
-0.380123877879076 0.630143934731484 -0.605750927520357
1.26511389598756 0.910345723034132 -0.270314092322198
0.321794251845925 -1.41225525247574 1.25332353504656
1.92322415405149 -1.05108187147503 0.895932965286174
0.146967830257172 -0.331073540590961 0.27867994178475
1.43582052841355 0.0298158762564098 -2.14819294428716
0.173252516586088 0.445097526891427 1.31297170863213
1.25962496180581 0.498675781963647 1.78010032845864
0.330058078835061 -0.250361561017792 1.33634982119131
-0.129078376707368 -0.336297221264962 -0.256828834115489
0.497428619521097 1.59251112499221 -1.00861010577341
0.500643970663608 -1.86804012126323 0.188975985206711
-0.0605235737043199 -1.33890090639234 0.519248221027381
1.85684225771381 -0.41483863107759 -0.330864864350938
-0.824629064392003 0.0524183789041302 -1.55060540691443
0.662865681548612 -0.197496256313791 -0.303135190812436
0.772915062142684 1.04713622111141 1.32737730702761
0.401965633892881 0.362126189217790 -1.32320954338299
-0.69892495033248 0.869418017267762 0.409730139460881
-0.374681366984915 -0.0161162728873474 -1.64111863482387
-0.218517326169755 -0.0480500890570986 0.789099982668566
-0.966772066824564 1.12506376172726 1.39942260905870
-1.04970337031018 0.0319604644808267 1.32166251858971
-0.43128308628374 0.227708567057007 -1.49549630424876
1.37471799113862 0.681760810222969 0.770832221809469
1.53767960451479 -0.181957060383755 -1.70603840764719
-2.85313623468691 0.164602451879261 -0.186561517408930
1.25056274026557 -0.0195377407731621 -1.22013820071458
0.377628247757737 -0.417228773485235 2.07133558713939
0.578054016469979 -1.22456034374124 -0.847407012503251
-0.208388836463001 0.636057529828251 0.25179716614298
-1.04224760466758 1.36602892047794 -1.19369222477152
0.82630388504008 0.396210504348883 1.7868609602432
-0.0738710932308299 -0.447711439943412 -1.11999648697377
0.490987512590264 1.70302351012963 -0.00701013160057299
-1.91137572102579 0.324111488209907 0.343184201281212
0.257808201724492 0.980853332078671 0.0610758944437988
-0.268633340197463 -0.883105307427477 -0.376951486940175
1.27310803826121 0.333087628274251 0.00363938304632927
-0.300924921923240 -0.798939596098186 0.204631001559159
-0.112082804120340 -0.742159317572486 -0.148299460482507
0.700765195039001 -0.492526986744359 1.50554542166976
-0.983147293721845 -0.858018572494408 -0.482162012573393
0.529059903579882 0.0400190443680865 -1.56222696113134
-0.249646617980994 -0.250272864230914 -0.0242430213127295
0.436966079410738 -0.808961236271271 1.18805869161338
-0.199540531126980 -0.140945423865444 0.140626049329987
0.428371519159192 -0.59667902088266 -0.15193685799041
2.22086638181909 0.950851878512648 -0.179858987776096
-0.172978926082152 0.960040825544626 0.285150950300737
0.990641806647353 1.80188255660138 -0.206643540312242
1.21817208939889 0.39385309470759 -1.23083930019827
-0.763230572761425 -0.961040122652244 -0.62859274879155
-0.388207009856818 0.364997163689887 -0.928823108448506
0.494478837148526 -0.877438856782291 -0.0388172976899254
-1.32431671343744 -0.487044746943564 -0.130660380667806
0.604982156081971 -1.74683967506068 -0.111545369963256
-1.08186452513030 0.644279869029075 0.776934650121852
0.455475869736491 -1.32073166572111 -0.075554165483258
0.457974528759249 0.262597874047537 -0.785618296700637
1.01125103540826 -0.0583026761104773 1.05288164366855
-0.534802579566804 -0.82891125571116 0.280764989770154
1.00591076415725 1.41307219764998 -0.465543815873295
1.36548364651084 1.10978296123916 -2.04812030114792
1.30601614140518 0.113137894610605 0.828488086468524
1.64703527724868 1.41057137183145 -0.036935641278199
-0.75942918348428 -1.19574329816794 1.53614480408954
1.27001166703178 0.227270539420870 -1.26793722225396
-1.7057697648376 1.83414165946440 0.802530324588363
-1.61517719945991 -0.786636947762042 -0.640138397128833
1.40761019121600 -0.0884002051133037 1.30349398064902
0.409785993913469 -0.919471836682829 0.580744248893293
-0.260462222988553 1.34486082787177 1.36564999251014
-0.520720153199975 -1.22630113426591 0.387487744184827
-1.31971287501937 -0.185415869584734 -0.520394146160725
-0.560343519552366 -1.45488109231982 -0.270947417186629
1.88040422029661 -1.90620645943253 -1.15848205721682
0.167089256054121 0.825128801410688 0.667433868615073
1.56660041316233 1.16220858631804 -1.51886139281250
0.654209490343155 -1.57767412528099 0.894610518335986
-0.724576954807372 0.448860873994258 1.46012032155605
1.49920010862854 -0.441654670194718 -0.206271553379593
-1.13689691537704 -1.12981413779178 -0.591887364877272
-0.338806390109884 0.511258657139654 0.385032197990508
-0.711745502152415 -0.675940655355855 -0.203257729213833
0.024712351505687 2.67833064876009 1.16586980866612
-0.70204316571204 0.689891102082637 0.0261550435634914
-1.64780393699958 0.0411867375452536 0.8649572468289
-0.350567040016248 -0.242349567933983 -0.0115848386001763
-0.208361392538924 -1.54391120291530 0.440738935894147
-0.548149155402302 -1.33732154058523 -0.995964223208171
-0.0214574112538413 -0.153323483938153 2.86068920923058
-0.63198812538738 -2.46703519853334 1.45442188098686
-0.0731075399820347 0.227375233499636 -0.243585790389814
-1.16521122710340 -1.30072959334309 -0.296951063387316
0.302163219997656 -0.171476834775544 -1.2430496151115
-0.0443335477694897 -0.422559894044731 -0.253408514695958
0.814905153297865 0.418482722486244 -0.596380391480984
1.38590337715707 -1.12045066955944 0.0532361030126838
0.111710618540196 1.14102135091949 0.101944080325591
-1.28409695836992 -1.21182574626239 -0.285191439484807
-0.543631772265897 1.84418976876663 -0.178566306353366
-0.961646916873282 -0.529339811649583 0.656875992585158
0.0948097402235858 -0.0924974408163603 0.0342634711337184
-0.0586265243770341 1.47510623618526 1.47033510111490
0.790817731531734 0.279918655956528 -0.457726726077971
2.10749736799009 0.217965084354833 0.679738889952177
-0.281739613726687 1.79951078882375 0.983908693995338
0.402002205706633 1.01857548268562 0.394163368168297
0.192608744667416 -0.918589163864739 -0.366023620373209
-1.67952128507191 1.01643683889171 0.968859075838656
-1.12164749439729 1.24408786425147 0.0928440603065757
-1.50985545305985 -0.147395759572343 0.194922924519383
0.739429653786607 0.537114488196595 0.0823295714439395
-1.06860986654973 -1.16616244233956 1.11612526461586
0.184531688453284 -0.0307269398157899 0.806782281822301
1.25009883073192 1.06838955868071 0.126322889207085
0.542392859353523 0.675727921049775 0.0684452300511282
-0.558164380010821 0.0326769511928703 0.610501392337916
-0.0540497978216442 0.174478857098654 -0.739609197134971
-1.10720394226296 0.780181462067341 -0.544511878057909
0.322404675772421 -0.703519456314401 2.09912818391327
-0.094018370111417 0.490584376539184 0.658492168034669
1.37672207185094 1.54414884253516 1.67801918357248
1.42462519574013 0.189761893292623 1.11868551942971
-0.259317073974797 -0.639162812462451 0.370492210151071
-0.35725831822841 0.0815792604243753 0.593885698559921
0.819720144786723 0.547632389783806 -1.66279228781641
-0.395247056587206 -1.17613628512812 0.58177238942913
-0.752335100815858 -1.37310071672066 0.127875999140291
-0.998448793236138 -0.100287480696174 0.328956858396813
1.54481179833923 0.0412950945593537 -0.0621374571926888
0.0353596321647456 0.0714795890318302 -1.39709687940093
-0.819101675007657 1.171503098352 -1.54361414028894
1.32404747937832 -1.03864609597690 -0.360223883554510
0.923967946430067 -1.65448944999040 0.380640654095315
-0.68656090204939 0.403225703445736 -0.264861163949143
0.0284249520671521 0.589804317961471 -0.618326141309469
-0.10839716123824 -0.182387036620026 1.49440219544888
0.33725745984256 0.077705859036444 1.06384404410020
0.203333487660903 -0.561384206602791 1.11903650487441
-0.495867712883309 0.399177315803819 -0.335047154580931
-1.03849181831626 0.83784986573556 0.907731076694985
-0.405638671538631 0.278646807567243 -0.697186660961223
-0.619852399483207 0.365501683261143 0.0591675862450941
-1.19075504554916 -1.13491781572649 -0.688347207838354
-0.995907068196325 0.100766518550145 2.17154736632246
0.273735436415721 0.444971097709425 -0.510943598774456
0.901027301903215 -0.597627654464534 0.46137602718107
-0.807375084491514 -0.882788945366112 0.154900434618233
0.548715516214 0.676100083206295 0.85918710514187
0.534016150286008 0.278017228787377 0.620279597170327
-0.167585363206437 -0.232946872931175 -0.0364707043170693
0.183390265715869 -0.738069295900382 0.717242352944208
1.70641305977812 0.105791230639568 -0.0900791081947335
-1.26933362386670 -1.64852988151175 -1.48286641643150
0.524144404597353 -0.852990868028611 -0.805962466604586
2.11960623800517 -1.78703197828184 -0.396341401271189
-0.353772934910896 0.170243063890638 2.85051997147355
-0.836179621042043 1.30757318420551 1.55951286210250
-0.209853908447165 -1.40868308399115 0.509506930570492
-0.338727120836786 -0.400749835138528 0.671933967079673
-1.64748860400470 -1.76464445806674 0.16144672172345
-0.171787595288938 -0.106591998106125 -0.388570715409366
-0.167147457487314 -0.252967191496585 0.309525615954478
0.425465098376060 0.704549189245539 1.68161496443059
-0.121577489061901 -0.238731559893052 1.60971470072999
0.780856445371173 -0.182138550475663 -1.07378658315384
-1.07106521204196 -0.331115764852601 -0.753160574089687
-1.54293351744085 -1.59814418811395 2.12613360841256
-0.743346540322709 1.56434790375670 -0.287037322947536
-0.630906072593784 1.14193360670795 0.790957070775874
0.114562611855426 -0.537873944653278 0.584206014253727
0.00316493236958498 0.428648945289851 1.43324421958746
-0.796189288382088 -0.410410202257514 -0.094905736443707
-0.762271606208869 1.45131418850347 0.885671967579964
-0.845509882237165 1.01283428429008 0.0399044893794973
0.597580775662986 -0.154977631571769 0.351078685207995
0.90678307017733 -0.0295776167816742 -0.438974710909745
0.541876877741919 -0.899664240837183 1.38834308301126
-1.76637923863194 -0.480426331039136 -1.16523732178719
0.593058463631329 0.203721343054916 -0.462784774278135
-0.323195780927707 0.0958797591019681 0.44084910868199
0.821249831537515 -0.826045568209184 -0.0364278340017540
-1.20277442735686 1.60459149839394 -1.13173956878269
0.852868328780238 0.189492386848337 1.66681082821788
-0.735027438792204 -0.882346482403793 -0.306247611853942
-0.111301886252479 -1.61013966627622 1.35367286951621
0.799770792556295 0.455025434316234 1.59215832780145
-0.9315740362571 0.250108019979524 0.311366674621823
0.506704130707613 -0.791555312499962 0.869070180075134
-0.0164956091574896 1.47181735909047 -0.305044773763626
-0.79644685320365 0.256452248077451 -0.211849628932100
0.463730075684577 0.966866833693945 -0.139808585198041
0.557727448546409 -0.624500410436257 0.194572304858049
2.31816732981215 -1.20390313612583 1.34436629684895
-0.535156377922284 0.650365862444892 -0.36668765131938
0.74622823788403 0.337939195232249 0.474084993776963
0.91286269678961 0.913447513954221 1.05128773005938
-1.03673652852734 -0.087316299079909 -0.440565073556646
-0.815881162918226 -0.575668516155491 -0.242340646714561
-0.282269210394942 -2.73610180728165 -0.492661755186591
0.0839220808179354 -0.921041426367544 0.553320936557333
1.22338063087853 0.71134239380196 1.29283930263403
0.598454918975122 1.72312227056119 0.111426333891284
-0.468861294206675 -0.320731024058092 -0.817202029453203
1.43264690693804 -0.0426321794417185 1.46980674755207
-0.511947126829723 -0.128970713524543 0.0851964167470373
-1.87495966246642 -0.555673000368911 -0.744531515600404
-0.0445036429323596 -1.40470111766672 0.137600192863209
-0.413496437632904 -0.399215456273856 -1.64083282698902
1.50672389645564 0.525094513915884 -0.273759337985233
-0.0231186220979346 -0.950978771588761 0.586390695248935
-0.388194382145527 -1.00947378181375 0.768147920012976
-1.37802011049795 -0.485438280359027 -0.785956488007942
-0.174170478528551 0.750415198142694 -0.125924936088123
0.956734008894782 -0.250642339470142 0.701494328521182
-0.291735956704837 0.59570041442108 -0.886824633816828
-0.790267687884015 -0.926196360920987 0.576482365421316
1.10446726669118 -0.0438528499224637 0.763249000716409
-0.244154756497486 0.0450513820168465 -1.41247409465769
-0.151236955794932 0.894241861637873 1.28451578540328
-0.13260371334433 -0.330821839180427 -2.96535464135014
1.36239157284631 -0.175754219583292 0.117907952836106
0.98629914248886 0.779610928957435 -0.144409292771129
0.762897677814336 -2.03407040532588 -0.632039956622021
-0.246817707287388 -1.06997870015768 0.0917349524603844
-0.419878474733721 -0.187174859258953 0.316270605406422
-0.250318230852334 -0.301085535782067 0.612848236146391
-2.96739363354274 1.64263962428885 -0.190193303607779
0.623303661285726 -0.87712418519999 -2.38269307492101
1.82675512537194 1.45247811669329 -0.102556818978706
0.211515638062288 -0.292718432949795 0.304323918912420
-0.76314621289881 2.47314117542210 1.24498628320328
-1.42815553874298 0.555324696216988 1.83226549953995
0.710567976220971 1.60760487871831 0.131292517077422
0.734416821491463 1.32750295926492 0.332705753364535
-0.589458633325776 -0.29675550434286 -0.017436624748797
-0.244757895158522 0.80875718114464 -0.0166426888544829
-0.553930545345761 -0.909879194916472 0.61442806939941
-0.281705556836148 1.05650387434018 0.64317887690649
0.300833475612803 2.12282175731705 0.306611210784969
-0.559947884943593 1.14181236004111 -1.04909954318257
-0.439083701660756 -0.498325821730004 -0.619211970801152
0.879095055689934 0.0839643183493964 2.25960482771369
0.825845821145257 -1.78348313404978 -1.26913877843998
-0.696602138788519 -0.710659418658714 0.647299315690339
-1.42420814368292 0.171687158109940 1.29386289205146
-0.129046548522765 -0.292432946607024 -1.04548675009101
1.06227221521672 -0.862855679644511 0.0346752700114342
0.245133982823099 -0.81800023337058 1.74751458608050
-0.681050413145381 1.02433689917676 -0.709673253116156
-0.0652330582869467 -0.816739651976697 1.38817738376858
1.42992943276776 -1.80973356203247 -0.396281380070944
-0.638945623931885 -0.183005508333492 2.50104740535378
1.0512842758864 0.670209884160955 1.04261650721011
-0.86543109446813 -0.388820706021602 2.11490618002734
0.80570808965395 0.518871682327526 1.63501405508704
-0.224841002033752 -1.61838274337844 -0.903962476864173
0.799368032878232 -0.440505960569946 -2.00946981450876
-1.32190761214255 -0.53318295486272 -0.639877422766731
0.282137342718527 1.53765059391615 1.00364560614462
0.343979631069314 0.692300474289762 0.833935479029983
1.25559750375013 -0.0493796404319931 -0.184944098792395
0.266049120836480 0.69527821342075 0.374776879454719
-0.138778935667847 -1.63421351612574 -0.177371566867119
0.851420212492256 -1.42041941694718 -0.0227589991392135
0.0213789401544199 -1.35083870082345 0.0477276464690818
0.761099302817171 -0.738514905716478 -0.0215670276412729
-2.71568612418222 -0.733131683649248 -0.0448169840644572
0.279740571692382 0.642477532511171 0.0495945193531378
0.575879804428947 -0.273984346518279 0.315579746192350
-1.24310146911945 -1.69367062599982 -0.675088906351312
1.69419309038891 -0.393838213600207 -0.513659091226954
1.6905134685763 -1.47241555550177 -0.357937270908646
0.620708948602542 1.31613799572258 0.337557390483012
-0.95914644873165 -2.44676634376513 -1.01626641969835
0.351429555464135 -0.188127030179861 0.268824070495564
-0.343908735777733 -0.839064241741855 1.45081456153303
0.660765158244406 0.795748780957309 -0.712645360686615
-0.690577003980067 2.35172706229059 -0.217190005380851
-1.15069302723010 0.413888755653789 -1.06198619667472
0.825167725344333 -0.50162914734296 -0.85015114067192
0.153899683238344 -1.68806805913798 -0.582318584563219
1.57615422357926 -0.56695104728865 -0.527140923957696
0.572187706383835 0.526366728543824 0.50583885678504
0.927100297517734 -0.330231538118253 -0.0873577074902297
0.770250123383282 0.522635164808453 1.19978189926433
-0.542778447482952 -0.279276980350968 0.209188777437234
0.341291919397405 0.631702710209319 -0.637492869290966
0.216750720319206 0.983689248541608 0.303736767128077
0.693800728967926 0.204015879041161 0.300944091185808
-0.753707715582027 1.12198878277002 1.12017611887903
-0.383216636272393 1.35948226974003 0.819087941725792
0.893564988824648 -1.10864063030011 -0.738184475787279
-0.618858055580562 0.58494087746376 0.48581947352699
0.400176083886544 0.82147964632213 -0.263564380375273
-0.244592785353865 0.494941988599802 -1.50700519944266
-1.27865276975426 -0.318072309387267 -0.774567489837207
-0.921953259179038 -0.944300960723774 0.367253661796421
0.926035575975434 0.059407019427004 -0.371842879010258
0.309347823901178 -2.37299457285956 1.13926578950701
-1.70963820305108 -0.2570624398333 -1.57536567292876
-0.548656304874126 -0.0431271491132356 0.369901324845021
-1.09735131474458 -0.677350440666298 -0.548798991672309
-1.03959494430936 -0.977786841230718 -1.04838290473218
1.12947362218870 1.15595270320675 -0.690063069976839
-0.617403353309349 0.581643850778519 -0.34374583267341
-0.339760366544142 0.658900601449148 -0.109347556405836
0.954659936583097 -0.916385422380772 -2.6916480128935
-0.223682059883011 -1.12498892778822 1.12674368465254
-0.504104248329122 -0.913154912717019 -1.12664725760768
0.164881848881106 0.449181467062083 0.946847286774588
-0.119308433386055 -2.69821843431065 0.559289710621114
1.84967831697792 -0.154061365012380 0.427458560206699
0.666737138888848 1.93436524200945 -1.16880778653498
0.0760963873943926 0.118428070032648 0.151604390628986
-0.952556162777867 1.01218719044659 0.232278846698435
0.910470334288179 -1.20127642295007 -0.496195807823391
0.085058486806147 2.42091711943834 0.247343017867807
-0.0657455785090241 1.14811812152498 -1.32676586468832
1.29255861320463 0.691035194949866 0.83701989528069
-0.757535853148221 0.992958776896124 -0.197167769509563
-0.546210441482966 1.01304336821859 -0.151766724305221
-0.956352695470261 -1.56497602379194 -2.0190836348667
-0.322875950604361 1.32930692567979 -0.116461104645036
0.111777586694846 -1.33493668935013 -1.17909895581066
0.323064154786593 -0.824255582190396 -0.300502874857828
-1.12513935932712 -1.37866175026990 -0.607078364466493
-1.8365320932887 0.255068009923122 -1.77902803025179
-0.64577495983943 0.438241678734195 -3.96168481921653
0.119058665235662 -0.9315482306603 -0.708673788911964
-0.0703596726991802 0.94437142863633 0.042369015824535
-0.183536112480185 0.79402806139258 0.201800777646069
-0.45883462075603 -0.562466238761818 0.970181883601821
0.138833369422938 -0.741777033720119 -1.24391741038323
-0.515046150123605 -0.125310601523706 0.0503436604350204
-0.553063437163195 0.539149372938894 0.596150869865064
-1.80338167088568 0.457931928295729 0.419699241734142
1.01318460116072 1.89409811081466 -0.942765561718511
1.20738525485730 0.79593961153835 2.67972473508096
-0.864679132572373 -1.94009681602823 -0.626307367558937
-0.356900216496709 2.51761620526693 -0.621734753166501
0.269490305725041 -0.243868226334012 -2.26748250262139
-2.19953418027598 -0.456501091763689 -0.135660867238682
0.318565112112432 0.930933891981684 -0.128718738506254
0.807875219693316 -1.54756425520122 -0.927553271603929
1.90577080125997 -0.367483188770356 0.238638243892034
-1.30861312980842 -1.19442170762380 -1.06419176462047
-0.60370055611127 0.701242377017371 -3.15141201896403
0.328918548686062 -1.04497604225317 -0.718055953744714
1.07468448276676 -0.204095694347521 -0.40197217851471
-0.849494284052168 -0.990855889591697 -0.535847452127146
-0.833941783675184 -0.00724933191883764 -0.842800314352353
-0.359149924837236 -0.601526747678782 0.90483409064732
-1.41216769112814 0.0345683412594147 1.20250441042617
-1.11122612636998 -0.298380053987190 0.280374404176176
2.62128827213028 1.32259885844307 -1.25109746182384
2.2138690467678 -0.639367980733694 0.624194592970022
-0.0118684482012592 -0.56092183563735 0.725154084857337
0.988803682427198 1.31366252024702 -0.0296631869675482
-0.135648877535675 -0.676394951947827 0.340790839951153
1.25729473946099 1.54768327755035 1.41404352184974
0.488959521983458 0.882273273818885 1.01305660355284
0.168259433733404 1.9372426668617 0.294352290861252
0.529026070547775 -0.209969639231169 0.112372128814659
-0.66559429190517 -1.82035808192994 0.334642514472246
-0.189347523992449 -0.245494185300778 0.225252646346282
-1.47219263696807 0.742154420902006 1.00217483416708
0.0534906106967785 0.162006799315425 -0.109677486645306
0.190647932975848 -0.896838266673719 0.0220604875807852
-0.773034955618763 -1.35932395248191 -2.58809344465107
0.983383612729837 -0.845159752345355 -0.0478947035651704
1.79924399753837 -0.386943994733014 -0.233281333290273
-1.21189345692774 -0.366684250068255 -1.02824431819301
-1.01828344776564 0.657995100517762 -0.466507055662045
-2.40166115429746 0.0261676208940577 0.938821423490677
1.13716366231332 -1.60178265610055 0.304369542355647
-0.421445913260737 -1.85404613800308 0.687482958082906
0.328110120738713 -0.205570553929843 -0.697977802844863
-1.36675015547479 -0.726988015779746 0.822593130620466
-0.666422493393221 -0.844328494683463 1.03664677868059
0.451622134318123 0.852496019777124 -0.977326588787067
-0.307987271063416 -0.486594074945901 2.16004800657654
0.755919829534861 0.402385060687765 -0.201707301864958
-0.0654841302277621 -0.786001295261068 -2.31788808377186
0.514035991207919 -0.191890702722622 -1.25764775824735
1.18283626703132 0.0708493117383839 0.798031229747638
0.55501188419154 0.687059230022129 -0.83080801065221
0.0158256253597123 -0.0434457615472691 -0.539143199173685
-2.35984609148293 -0.674801734210313 0.942236288744993
-0.149773859356930 0.453635208508547 0.0675432798032237
1.37300899492706 1.67163997041723 0.245410063270717
0.172620225151902 -0.486262320545994 0.671044908542886
